0100100111101111111110000111101111110111111011111110111111000111011111110111110101111011101111111111
1101111011010100001101101011011111111011110111111110110110000111101111101111111110111011110011111111
1111111100011001110011111101101011110111100011111110101000011011100011100101101101111101110111111111
1111110110111101110111111110110111101111110011111000011100111101010111011001001011111011110111111111
1111111111011011111011111111001001000001101101110110111110111110111010111110110010010111111001111111
1111111100000111110111111110001100001100011110101101011111011100110001011111110101100111110111111110
1111111100010011101111111000111110010011111111011011111100111111011011111111101111111010101010111100
1101111010111000001111111101111111111000111111101101111110011100111001111111011111111100011101011011
1010110111111100100011101001111111110111111101110110010100101101110111111100111111111110111011100110
0111001111111110111101000001111111111001111111101011010000110001111011111011111111111110111011101111
0111010111111101111110000100111111111001101100011100001101110110010001111100111111110101110111101111
1111011111111110111111011111011100100110000011111111011011100111101000011101111111111110101111110111
0011011111111101111110111111100000011010101011110110111100011110011101100100111111110101000101101111
0111001111111110101101111111111110110101111101101000001101011111011011101011001111111011101111110111
1110110111110100010010111111111101101110111101101110110011001111101011101001110111100011101111111011
0101111010010000111110111111111110011111111110010110111010111111000111011110111010000111110011111011
0011111101100011111111011111111111001101111111011111111011001111001011011001101010001111111100111001
0000011110100111111111011111111110100011111110111111110101101111101101100111010000011011111100110000
1011101101010011111111011111110101100001111101011111001110110101011110101110111010111111111110001101
1101001011111001111111010110111011111000111011101100111111000010111110011100111011011111111111011011
1111110001100110111111101101110111110100101011110011111111100011111100001010011100011111111000110101
1111111000001111111111110100100011101110010101111011111111101111111111010110101001001111111011111110
1111111100010111111111110010100101011111111110111011111111110111111110010111110011101111111101011100
1111111000111001101110001111001110001111111111010111111111110100011111101111110111110111111000100110
1111111101111110010100110011111111011111111101100011111110101011101010001111111011111011110101101000
1111111110111111111011010111111110101011110010000001011111011111110100011111110111111010101101101010
1111111100111111110111001111111001100011101111001000011010011111111110101111101111111100011011111111
1111111011011111101111110111111001010001010111111100000100011111111100110111110100111100111011111111
1111110111101111011111111011110110110100110011110011100110111111111111011011111001110011010111111111
0110101111110100111110111000101111111100001111111101011001111111111110010101010010010011101111111111
0011001111100011111111010110000111111110110011111011111100111111111111101110101011001111011111111111
0111001110000111111110101101001111111101011101100111111001111111111101011101111110101110111111111111
1010100100000011111110111111011111111101111101011111111010111111111100111011111111110110011111110111
1101101001010100111101111111000111110011111110111111111011011111111101111011111111111011001011111100
1111111101110110111011111100000111101111111110011111111010101010011011111001111110100010110010110000
1111111001111111010001011010011111110111111110001111111001110101010010110000111111110101111000101110
1111100011111110010010100011101111111010111110000111111010111111101101101100111110101111110111011100
1111110111111111100111101111101011111101111111101011110110111111111110101101111001010011111011111111
0111100001111111001111110011110101111001111110011010101011011111010101011110111011111011110101111111
1010000001111110001111111101111110111010111101110111011101101110101001111111010111110111101111111110
1100001001111100111111111011111111010110010000111010111110010101101110111111100111111011110010111111
1100101110101010111111110111111100001101101001011001111110110011111111011111111011101101110101111110
1010111111001010111111101111111011011011111111010011111111111011111110011111110001010100110110011101
0011111111100001011111110111110111100111111111100111111111111101011111001111111010111011001100111101
1111111111100011101111100101101111110011111111110011111111111100101111110110010111111101111011010101
0111111111110011110101011010000111111001111111101101111110111001110111110100001111111110110111101011
0011111011111101111010000111011111111101101101001110011001000011111011110001011111110100001111111101
0111110100001011111111011111011111111000101010110110110111100111101011100011101011110010111111111101
1011101101110111111110111111101111110100010111111011001111001111111011000111110111111011011111111011
1101010111111011111101001111110111001101111111110111011111101111111100001111111011110110101111111101
1110011111101101110011110111111011001110011111111010001111110111111011011111111101001111101111111110
1101111111111010101111111001111100111111101111111000011111111011110111101111111110101111101111111101
1011111111111111010111111110111100111111110111111110011111110010101111101111111111101111110111111101
1101111111111010110111111111011001111111101111111101111111111000110111101101111111101111100111111101
1011111111101000010111111000111000111111100111111110011111110111001011110011111111101111001011111011
1001111111101000100011111100010101111101000010111001001111101110111010110111111111011110111101000101
0110101111110011100111111011101110101010101101010111110111011111011101111010111110111111011110100110
1111001111100111101110100111010010000011101111001111110010111100111101110000011101111110111101111011
0111110111001111110110011110110101001101101110111111111101000010111101100010101010101000011111111101
1111111010010011111001111101111111101110010110001111110011111011011100100011110111000011101111111110
1111110100111001110101111011111111110100110101010011110011100110001110001111111111001101110111111101
1111101111111100101101111011111111000001111011011011001101011111110101100011111110010011101011111001
1110010111111110011000110111111111110001111110110101001110100111110011010011111110111111111101000010
0101011011111110100101001111111111100011111110111110111111101111101100111000111101011111111110111011
0001111011111101110111110111111111110101111101111111011111101011101110111100110011111111111111011111
1011111101011011111011111011111111101110111000111110111111110100011101111111001011111111111110111111
1101111110101011111001110001111111110110010101111111001101010110001110111100111011011111110101111111
1101111101110101111100100010111111101111001110111100110010001101010100111111010001111111111001111111
1011111011111110111011010111011110011110011111011011101111011101111010011111101000011110110110111111
1100000111111110111100110011100101111101011111100001111111101011111110101111001101101000101111011111
1110101111111101111111001111111011111101011111110101111111010111111101110110111111101010001110100010
1100110111111110111000110111011010111110011111101110111111111001111011110001111111110111010101110001
1011111011111001111110110010111001111101100111011111011111110111110111111100011111101110111011111101
0000111101011110010101101001010000101011110100111111101111010111101111111001111111011111111101111110
1001111011111100100011011111100011000111111011011111011111000011011111111010011111011111111110111100
1011111101011011110110111111101001101111110110001111100100110001001111111011011110111111111111011001
1100110110111011110101111111111101110111001001110111110000101000110101110110111111010111111110111111
0110101110010111111000111111111100001110111011101011101101011101011011101111011111001111111001111111
1011010101101111111100000111111011100101111011111001101101101011111001000011000110010011010111111110
1101111011111111111011010111110011010011111010111110010001111101110110101100110101110111001111111111
1001111101111111110111011011101101111001111101111000111110111110101111101111111011111010110011111100
1010111011111100101110111101011111111011111011111011011110111111000111011111111101111101001011111010
1111000011111011011111011101101111111001111100110111101111011111101110011111101010111111101011110111
1111101001110111101111111011011111111010101110001111011111000111011101101111110111011111011101101111
1111111100101111110111111000101111110111011100101111101111111011001001111111111111011110111110011111
1111111011011111001111111011110111101111001010110111011101110010110101010111111010101110011111101111
1111111100000111101111110111111011101110110111011010011111001101101110101111111101110110101111011111
1111011001010111001111100011111101011111011110010000111100111110101111110011100011111001110010111111
1101000111010010000001000111111110011111101100101011010011111101011111111101011111110001110100011111
0010101111101001010110101111111111001111011100111100101011111011111111111110011111111101111110001111
0111110111111101111011110111111100101010101011111011111011111011111111111101111111111110111110111111
0011111011111001111011110011111001110101100001111101111100101101011111111000111111110101111100011111
0111100111100011110111101101001000111110011000101011111111011010111111110111011111111011111010100111
1000101111111011111011001110110001111101111101010111111111100111000111101110111111111101110111100111
1101000101100111110110111111110010111101111101011111111111001011110010001110111111110011110011111001
1001100010101011000111011111111011011110111100111111111110011111111000111111011111111101101111111101
0111110011011000100000111111010111101101111110011111111101101111111011111011101110110001011111111000
1111111101100101110111011110101111110110111110011101111011110111111101111111110101010110111111111100
1111111011011111111011011101111111111011001101101011010111100111111110111111110011001111001111111110
1111110111101111111011101110111111100111001011110001000111001111111101111111111010111110111111111100
